

  2  0  27 S { Pickets number, KeyIP, max. nAB on profile, Kust }
       1        2        3        4        5        6        8       10       12       14       16       18       20       24       28       32       36       40       45       50       55       60       70       80       90      100      110  !AB/2, m
se1l2pk120
 27
     467      337      239      176      155      150      152      150      143      129      124      117       98       99       91      100      111      121      134      150      149      163      172      153      210      200      215  ! App. resistivity
se1l2pk120
 27
     467      337      239      176      155      150      152      150      143      129      124      117       98       99       91      100      111      121      134      150      149      163      172      153      210      200      215  ! App. resistivity
