

2
       1       99
       2       90
       3       85
       3       75
       4       80
       4       70
       5       69
       6       65
       8       60
      10       57
      12       55
      14       54
      16       51
      18       48
      20       37
      20       33
      24       34
      24       28
      28       25
      32       20
      36       19
      40       27
      45       28
      50       29
      55       35
      55       41
      60       37
      60       43
      70       47
      80       48
      90       51
     100       52
0.0 0.0
0
0.
