

2
       1      499
       2      455
       3      598
       3      506
       4      684
       4      609
       5      687
       6      791
       8      903
      10      919
      12      944
      14      897
      16      858
      18      825
      20      790
      20      878
      24      747
      24      822
      28      822
      32      852
      36      891
      40      942
      45     1045
      50     1188
      55     1256
      55     1157
      60     1319
      60     1205
      70     1377
      80     1507
      90     1631
     100     1783
0.0 0.0
0
0.
