

2
       1      458
       2      413
       3      350
       3      311
       4      339
       4      288
       5      275
       6      263
       8      222
      10      215
      12      211
      14      198
      16      182
      18      175
      20      168
      20      144
      24      151
      24      101
      28       98
      32       97
      36       91
      40       78
      45       71
      50       54
      55       59
      55       70
      60       61
      60       79
      70      114
      80      198
      90      250
     100      305
     110      382
0.0 0.0
0
0.
