

2
       1     6073
       2     2125
       3     1664
       3      979
       4     1011
       4      862
       5      562
       6      452
       8      313
      10      150
      12       88
      14       79
      16       61
      18       72
      20       89
      20      291
      24      138
      24      320
      28      230
      32      210
      36      114
      40      844
      45      130
      50      920
      55     1854
      55      126
      60      619
      60      127
      70      153
      80      300
      90      198
     100      178
     110      185
0.0 0.0
0
0.
