

2
       1      183
       2      146
       3      113
       3      119
       4      100
       4      103
       5      105
       6      116
       8      138
      10      152
      12      154
      14      148
      16      130
      18      119
      20      120
      20      145
      24       98
      24      122
      28      105
      32       93
      36       90
      40       89
      45       88
      50       92
      55      104
      55      114
      60      112
      60      123
      70      136
      80      142
      90      160
     100      183
0.0 0.0
0
0.
