

  7  0  26 S { Pickets number, KeyIP, max. nAB on profile, Kust }
       1        2        3        4        5        6        8       10       12       14       16       18       20       24       28       32       36       40       45       50       55       60       70       80       90      100  !AB/2, m
VES_name
 26
     339      431      390      320      307      195      186      178      158      153      142      133     98.5     68.3     66.6     53.9     48.6       37     50.7     62.4     70.9     86.4       92       96      101      110  ! App. resistivity
VES_name
 26
     339      431      390      320      307      195      186      178      158      153      142      133     98.5     68.3     66.6     53.9     48.6       37     50.7     62.4     70.9     86.4       92       96      101      110  ! App. resistivity
VES_name
 26
     339      431      390      320      307      195      186      178      158      153      142      133     98.5     68.3     66.6     53.9     48.6       37     50.7     62.4     70.9     86.4       92       96      101      110  ! App. resistivity
VES_name
 26
     339      431      390      320      307      195      186      178      158      153      142      133     98.5     68.3     66.6     53.9     48.6       37     50.7     62.4     70.9     86.4       92       96      101      110  ! App. resistivity
VES_name
 26
     289      493      559      447      421      394      284      225      148      107     77.3       53     39.6       83     59.7     58.4     55.8     57.1     57.1     62.3     60.8     71.3       74       82      103       95  ! App. resistivity
se4pk80l10
 26
     457      582      485      397      351      223      213      203      181      175      162      152      102       71       63       51       46       35       48       59     68.9       84       92       96      101      110  ! App. resistivity
VES_name
 26
     951     1137      991      989      881      857      835      695      513      429      387      315      287      208      120      115      102     95.2     91.7     76.4     65.2     90.4      101      112      120      156  ! App. resistivity
