

2
       1      777
       2      626
       3      650
       3      762
       4      503
       4      563
       5      463
       6      393
       8      283
      10      210
      12      152
      14      109
      16       95
      18      109
      20      112
      20      113
      24      129
      24      117
      28      124
      32      135
      36      148
      40      165
      45      175
      50      194
      55      210
      55      228
      60      218
      60      238
      70      266
      80      299
      90      319
     100      360
0.0 0.0
0
0.
